spawns: 
  default: 
    world: world
    x: 292.6783758156784
    y: 70.0
    z: 82.4364424174443
    yaw: -13.950881
    pitch: 23.099993
  starterpack: 
    world: world
    x: 339.31919445440593
    y: 79.0
    z: -113.1665665401913
    yaw: -166.95392
    pitch: 35.699894
